[0.00040519 0.00040519 0.00040519 0.00040519 0.00081037 0.00040519
 0.00162075 0.00040519 0.00081037 0.00040519 0.00040519 0.00040519
 0.00081037 0.00040519 0.00081037 0.00081037 0.00040519 0.00040519
 0.02228525 0.00081037 0.00040519 0.00081037 0.00121556 0.00040519
 0.00121556 0.00081037 0.00040519 0.00162075 0.00040519 0.00040519
 0.00081037 0.00040519 0.00162075 0.00040519 0.00121556 0.00081037
 0.00081037 0.00081037 0.00040519 0.00040519 0.00202593 0.00040519
 0.00081037 0.00081037 0.00202593 0.00040519 0.00040519 0.00040519
 0.00162075 0.0028363  0.00040519 0.00081037 0.00040519 0.00081037
 0.00040519 0.00040519 0.00040519 0.00040519 0.00040519 0.00040519
 0.00040519 0.00081037 0.00040519 0.00040519 0.00040519 0.00040519
 0.00040519 0.00040519 0.00040519 0.00040519 0.00040519 0.00040519
 0.00243112 0.00040519 0.00040519 0.00081037 0.00081037 0.00040519
 0.00040519 0.00202593 0.00729335 0.00040519 0.00040519 0.00081037
 0.00040519 0.00040519 0.00040519 0.00040519 0.00081037 0.00040519
 0.00040519 0.00040519 0.00040519 0.00040519 0.00040519 0.00040519
 0.00040519 0.00081037 0.00081037 0.00081037 0.00081037 0.00040519
 0.00081037 0.00081037 0.00121556 0.00040519 0.00040519 0.00202593
 0.00040519 0.00040519 0.00040519 0.00040519 0.0060778  0.00040519
 0.00040519 0.00040519 0.00040519 0.00040519 0.00040519 0.00162075
 0.00040519 0.00364668 0.04051864 0.00040519 0.00040519 0.00040519
 0.00121556 0.00040519 0.00040519 0.00040519 0.00040519 0.00040519
 0.00121556 0.01418152 0.00040519 0.00040519 0.00121556 0.00040519
 0.00040519 0.00040519 0.00040519 0.00081037 0.00040519 0.00040519
 0.00121556 0.00040519 0.00040519 0.00364668 0.00202593 0.00040519
 0.00040519 0.00040519 0.00040519 0.00040519 0.00567261 0.00040519
 0.00040519 0.00040519 0.00040519 0.00081037 0.00040519 0.00486224
 0.00040519 0.00040519 0.00040519 0.00040519 0.00040519 0.00040519
 0.00040519 0.00081037 0.00040519 0.00162075 0.00081037 0.00040519
 0.00040519 0.00040519 0.00040519 0.00040519 0.00040519 0.00162075
 0.00040519 0.00040519 0.00040519 0.00040519 0.00162075 0.00121556
 0.00040519 0.02188006 0.00040519 0.00040519 0.00121556 0.00040519
 0.00081037 0.00040519 0.00121556 0.00040519 0.00121556 0.00081037
 0.00040519 0.00040519 0.00040519 0.00040519 0.00040519 0.00081037
 0.00081037 0.00162075 0.00040519 0.00040519 0.00162075 0.00040519
 0.00081037 0.00040519 0.00040519 0.0356564  0.00040519 0.00040519
 0.00040519 0.00040519 0.00040519 0.00162075 0.00081037 0.00081037
 0.00040519 0.00040519 0.00040519 0.00040519 0.00162075 0.00040519
 0.00121556 0.00243112 0.00040519 0.00040519 0.00040519 0.00040519
 0.00121556 0.00040519 0.00040519 0.00040519 0.00040519 0.00081037
 0.00040519 0.00202593 0.00040519 0.00040519 0.00040519 0.00040519
 0.00040519 0.00040519 0.00121556 0.00040519 0.00040519 0.00202593
 0.00040519 0.00040519 0.00040519 0.00040519 0.00040519 0.00040519
 0.00081037 0.00081037 0.00040519 0.00040519 0.00040519 0.00081037
 0.00121556 0.00040519 0.00040519 0.00040519 0.00040519 0.00040519
 0.00040519 0.00121556 0.00040519 0.00040519 0.00081037 0.00040519
 0.00040519 0.00040519 0.00040519 0.00040519 0.00040519 0.00162075
 0.00040519 0.00081037 0.00040519 0.00040519 0.00040519 0.00081037
 0.00040519 0.00040519 0.00040519 0.00162075 0.00040519 0.00040519
 0.00121556 0.00040519 0.00040519 0.00040519 0.00162075 0.00040519
 0.00040519 0.00121556 0.00040519 0.00162075 0.00040519 0.00040519
 0.00040519 0.00040519 0.00040519 0.00162075 0.00081037 0.00040519
 0.00040519 0.00040519 0.00364668 0.00040519 0.00040519 0.00040519
 0.00040519 0.00040519 0.00040519 0.00081037 0.00040519 0.00040519
 0.00081037 0.00121556 0.00121556 0.00040519 0.00040519 0.00040519
 0.00202593 0.00040519 0.00040519 0.00081037 0.01134522 0.00040519
 0.00081037 0.00040519 0.00040519 0.00040519 0.00081037 0.00040519
 0.00040519 0.00081037 0.00040519 0.00040519 0.00121556 0.00040519
 0.00040519 0.00040519 0.00081037 0.00040519 0.00040519 0.01620746
 0.00040519 0.00040519 0.00040519 0.00040519 0.00040519 0.00081037
 0.00202593 0.00040519 0.00162075 0.00081037 0.00040519 0.00081037
 0.00040519 0.00040519 0.00081037 0.00121556 0.00162075 0.00121556
 0.00081037 0.00526742 0.00040519 0.00040519 0.00081037 0.00040519
 0.00040519 0.00040519 0.00040519 0.00040519 0.00040519 0.00081037
 0.00040519 0.00040519 0.00040519 0.00081037 0.00040519 0.00040519
 0.00040519 0.00040519 0.00040519 0.00040519 0.00081037 0.00081037
 0.00081037 0.00040519 0.00081037 0.00040519 0.00040519 0.00040519
 0.00040519 0.00040519 0.00040519 0.00040519 0.00081037 0.00040519
 0.00081037 0.00040519 0.00040519 0.00040519 0.00081037 0.00040519
 0.00040519 0.00121556 0.00040519 0.00040519 0.00040519 0.00243112
 0.00202593 0.00040519 0.00081037 0.00040519 0.00040519 0.00040519
 0.00040519 0.00040519 0.00040519 0.00040519 0.00243112 0.00040519
 0.00040519 0.00081037 0.00040519 0.00040519 0.00040519 0.00081037
 0.00040519 0.00040519 0.00040519 0.00040519 0.00040519 0.00040519
 0.00040519 0.00040519 0.00040519 0.00121556 0.00040519 0.00040519
 0.00040519 0.00040519 0.00040519 0.00040519 0.00040519 0.00040519
 0.00040519 0.00040519 0.00040519 0.00040519 0.00040519 0.00121556
 0.00040519 0.00040519 0.00202593 0.00081037 0.00040519 0.00081037
 0.00040519 0.00040519 0.00040519 0.00972447 0.00040519 0.00040519
 0.00162075 0.00202593 0.00486224 0.00040519 0.00081037 0.00040519
 0.00081037 0.00081037 0.00081037 0.00040519 0.00081037 0.00040519
 0.00040519 0.00040519 0.00121556 0.00040519 0.00040519 0.00040519
 0.00040519 0.00040519 0.00162075 0.00121556 0.00040519 0.00040519
 0.00040519 0.00081037 0.00040519 0.00040519 0.00040519 0.00081037
 0.00040519 0.00040519 0.00040519 0.00040519 0.00040519 0.00040519
 0.00040519 0.00081037 0.00040519 0.00040519 0.00081037 0.00040519
 0.00040519 0.00040519 0.00040519 0.00040519 0.00081037 0.00040519
 0.0028363  0.03606159 0.00040519 0.00081037 0.00040519 0.00162075
 0.00081037 0.00040519 0.00162075 0.00040519 0.00040519 0.00202593
 0.00040519 0.00040519 0.00081037 0.00040519 0.00040519 0.00202593
 0.00040519 0.00040519 0.00040519 0.00040519 0.00081037 0.00040519
 0.00040519 0.00243112 0.00121556 0.00040519 0.00081037 0.00567261
 0.00040519 0.00040519 0.00121556 0.00040519 0.00040519 0.00081037
 0.00040519 0.00040519 0.00040519 0.00040519 0.00081037 0.00040519
 0.00162075 0.00040519 0.00486224 0.00769854 0.00040519 0.00040519
 0.00040519 0.01620746 0.00040519 0.00040519 0.00040519 0.00040519
 0.00121556 0.00040519 0.00040519 0.00081037 0.00040519 0.00040519
 0.00162075 0.00040519 0.00081037 0.00040519 0.00040519 0.00040519
 0.00040519 0.00040519 0.00040519 0.00121556 0.00040519 0.00040519
 0.00040519 0.00040519 0.00040519 0.00040519 0.00040519 0.00202593
 0.00040519 0.00040519 0.00040519 0.00081037 0.06320908 0.00081037
 0.00162075 0.00040519 0.00081037 0.00040519 0.00040519 0.00081037
 0.00081037 0.00040519 0.00040519 0.00040519 0.00040519 0.00040519
 0.00081037 0.00040519 0.04051864 0.00040519 0.00040519 0.00040519
 0.00040519 0.00162075 0.00121556 0.00040519 0.00040519 0.00081037
 0.00081037 0.00040519 0.00405186 0.00040519 0.00121556 0.00040519
 0.00040519 0.00040519 0.00040519 0.00040519 0.00081037 0.00040519
 0.00040519 0.00040519 0.00040519 0.00040519 0.00081037 0.00040519
 0.00081037 0.00040519 0.00040519 0.00040519 0.00081037 0.00040519
 0.00081037 0.00040519 0.00040519 0.00162075 0.00040519 0.00040519
 0.00040519 0.00040519 0.00040519 0.00040519 0.00081037 0.00040519
 0.00040519 0.00040519 0.00081037 0.00081037 0.00243112 0.00081037
 0.00081037 0.00040519 0.00040519 0.00121556 0.00040519 0.00081037
 0.00040519 0.00040519 0.00040519 0.00202593 0.0089141  0.00040519
 0.00081037 0.00040519 0.00040519 0.00040519 0.00040519 0.00850891
 0.00243112 0.00040519 0.00081037 0.00040519 0.00040519 0.00405186
 0.00081037 0.00081037 0.00405186 0.00040519 0.00040519 0.02714749
 0.00040519 0.00081037 0.00081037 0.00040519 0.00040519 0.00040519
 0.00040519 0.00121556 0.00040519 0.00040519 0.00162075 0.00040519
 0.00040519 0.00040519 0.00121556 0.00040519 0.00121556 0.00040519
 0.00040519 0.00040519 0.00040519 0.00040519 0.00040519 0.00162075
 0.00121556 0.00040519 0.00081037 0.00081037 0.00040519 0.00040519
 0.00040519 0.00445705 0.00040519 0.00040519 0.00081037 0.00040519
 0.00081037 0.00081037 0.00729335 0.00040519 0.00081037 0.00243112
 0.00081037 0.00324149 0.00040519 0.00121556 0.00040519 0.00040519
 0.00081037 0.00040519 0.00040519 0.00040519 0.00243112 0.0028363
 0.00040519 0.00081037 0.00040519 0.00040519 0.00121556 0.00040519
 0.00040519 0.00040519 0.00081037 0.00081037 0.00040519 0.00121556
 0.00040519 0.00040519 0.00202593 0.00567261 0.00040519 0.00162075
 0.00040519 0.00040519 0.00040519 0.00081037 0.01377634 0.00040519
 0.00526742 0.00040519 0.00364668 0.00040519 0.00121556 0.00040519
 0.00162075 0.00081037 0.00040519 0.00121556 0.00081037 0.00081037
 0.00040519 0.00364668 0.00081037 0.00040519 0.00040519 0.00040519
 0.00081037 0.00040519 0.00040519 0.00040519 0.00121556 0.00081037
 0.00081037 0.00081037 0.00040519 0.00081037 0.00081037 0.00040519
 0.00081037 0.00243112 0.00364668]